



####GCN
#cornell  [0.4864864864864865,0.5405405405405406, 0.5405405405405406, 0.5405405405405406, 0.5135135135135135, 0.5135135135135135]
#texas  [0.6666666666666666, 0.6756756756756757, 0.6756756756756757, 0.7027027027027027, 0.7567567567567568, 0.7567567567567568]
#wisconsin  [0.6666666666666666,0.7058823529411765, 0.7254901960784313, 0.6666666666666666, 0.7254901960784313, 0.7450980392156863]
#Actor/film    [0.27171052631578946,0.2730263157894737, 0.29276315789473684, 0.28092105263157896, 0.2743421052631579, 0.2710526315789474]


#### GAT 
#cornell [0.5945945945945946,0.4864864864864865, 0.5405405405405406, 0.5405405405405406, 0.5405405405405406, 0.5405405405405406]
#texas  [0.5945945945945946,0.6756756756756757, 0.6486486486486487, 0.6216216216216216, 0.7297297297297297, 0.7027027027027027]
#wisconsin  [0.6666666666666666, 0.6862745098039216, 0.7254901960784313, 0.7058823529411765, 0.7058823529411765, 0.7058823529411765]
#film  [0.2776315789473684, 0.2730263157894737, 0.2598684210526316, 0.26644736842105265, 0.26776315789473687, 0.25263157894736843]

####MAGCN
#cornell  [0.6486486486486487,0.7297297297297297, 0.7297297297297297, 0.7567567567567568, 0.8108108108108109, 0.8918918918918919]
#texas [0.6756756756756757,0.7027027027027027, 0.7567567567567568, 0.8108108108108109, 0.8378378378378378, 0.8648648648648649]
#wisconsin [0.7835294117647058,0.803921568627451, 0.8235294117647058, 0.8627450980392157, 0.9019607843137255, 0.9215607843137255]
#film  [0.3638157894736842, 0.3493421052631579, 0.3618421052631579, 0.3651315789473684, 0.3716578947368421, 0.3756578947368421]

